RESULTS

MACRO-F1 : 0.650943396226415
ACCURACY : 0.9107142857142857

class O:

F1: 0.9528301886792453
PRECISION: 0.9901960784313726
RECALL: 0.9181818181818182

class B-LOC:

F1: 0.0
PRECISION: 0.0
RECALL: 0.0

class B-PER:

F1: 0.9999999999999997
PRECISION: 0.9999999999999998
RECALL: 0.9999999999999998
