RESULTS

MACRO-F1 : 0.7453703703703703
ACCURACY : 0.9649122807017544

class O:

F1: 0.9814814814814814
PRECISION: 0.9906542056074766
RECALL: 0.9724770642201835

class B-PER:

F1: 1.0
PRECISION: 1.0
RECALL: 1.0

class I-PER:

F1: 1.0
PRECISION: 1.0
RECALL: 1.0

class B-ORG:

F1: 0.0
PRECISION: 0.0
RECALL: 0.0
