RESULTS

MACRO-F1 : 0.571350726870126
ACCURACY : 0.8448275862068966

class B-ORG:

F1: 0.3076923076923076
PRECISION: 0.6666666666666666
RECALL: 0.2

class I-LOC:

F1: 0.0
PRECISION: 0.0
RECALL: 0.0

class B-LOC:

F1: 0.8235294117647058
PRECISION: 0.875
RECALL: 0.7777777777777778

class I-ORG:

F1: 0.7999999999999999
PRECISION: 1.0
RECALL: 0.6666666666666666

class O:

F1: 0.925531914893617
PRECISION: 0.90625
RECALL: 0.9456521739130435
