RESULTS

MACRO-F1 : 0.7895539243365329
ACCURACY : 0.8909090909090909

class B-ORG:

F1: 0.5714285714285714
PRECISION: 0.5
RECALL: 0.6666666666666666

class B-PER:

F1: 0.7272727272727272
PRECISION: 1.0
RECALL: 0.5714285714285714

class B-LOC:

F1: 0.857142857142857
PRECISION: 0.75
RECALL: 1.0

class I-ORG:

F1: 0.857142857142857
PRECISION: 0.75
RECALL: 1.0

class O:

F1: 0.9347826086956521
PRECISION: 0.9555555555555556
RECALL: 0.9148936170212766
