RESULTS

MACRO-F1 : 0.8392274392274391
ACCURACY : 0.8909090909090909

class B-PER:

F1: 0.7272727272727272
PRECISION: 1.0
RECALL: 0.5714285714285714

class O:

F1: 0.9450549450549449
PRECISION: 0.9772727272727273
RECALL: 0.9148936170212766

class B-LOC:

F1: 0.857142857142857
PRECISION: 0.75
RECALL: 1.0

class B-ORG:

F1: 0.6666666666666665
PRECISION: 0.6666666666666666
RECALL: 0.6666666666666666

class I-ORG:

F1: 1.0
PRECISION: 1.0
RECALL: 1.0
