RESULTS

MACRO-F1 : 0.8368686868686867
ACCURACY : 0.91

class B-ORG:

F1: 0.3999999999999999
PRECISION: 0.6666666666666666
RECALL: 0.2857142857142857

class B-PER:

F1: 1.0
PRECISION: 1.0
RECALL: 1.0

class I-PER:

F1: 0.9999999999999997
PRECISION: 0.9999999999999998
RECALL: 0.9999999999999998

class B-LOC:

F1: 0.6666666666666665
PRECISION: 0.9999999999999998
RECALL: 0.5

class I-ORG:

F1: 0.9999999999999997
PRECISION: 0.9999999999999998
RECALL: 0.9999999999999998

class O:

F1: 0.9545454545454544
PRECISION: 0.9438202247191011
RECALL: 0.9655172413793104
