RESULTS

MACRO-F1 : 0.6282913165266105
ACCURACY : 0.803921568627451

class I-PER:

F1: 0.6666666666666665
PRECISION: 0.9999999999999998
RECALL: 0.5

class B-ORG:

F1: 0.6666666666666665
PRECISION: 0.9999999999999998
RECALL: 0.5

class B-PER:

F1: 0.28571428571428564
PRECISION: 0.9999999999999998
RECALL: 0.16666666666666666

class O:

F1: 0.8941176470588235
PRECISION: 0.8636363636363636
RECALL: 0.926829268292683
